3967846 71.84 3967846 1217725604
2889857 70.53 2889857 1013907017
1689538 66.32 1689538 901864472
8547241 70.31 8547241 901864472

36299786 42.98 24649662
36299786 42.98 24649662

25 69 61
1 464 129
22 173
10 80 5
58 142 73
31 30 61
8 11 3
2 1
9 3
72
27 97 30
205 69 106
57 165 59
148 234 47

10596 10396 9983 2 4
5615 5398 4890 4 10
12992 12526 12312 4 2
1085 961 724 13 33
28118 27359 26461 3 3

58 249 93
63 39

1578  1969  2158 20 9
1717 1913 2118 10 10
1579 1686 1652 6 2
269 271 191 1 42
5143  5839  6119 12 5
4650 4121 3628 13 14
529 584 719 9 19
456 394 343 16 15
5635  5099  4690 11 9

6152  5924  5620 4 5
1989 1907 1935 4 1
1278 1075 1119 19 4
9419  8906  8674 6 3

330  449  403 27 11
38 
441 8 
15 7 7 114 
1 31 2 97 NM
21 27 28 22 4
367  73  394 NM 81

19763
3851
423
3632
1150
713
165
141
113
21637

6865  5975  6268
681 733 759
173 
1227 1224 1158
997 1494 1087
1471 482 1524
3851  3681  3258

41  30  27
304 102 
148  
396 288
267 
220 185 207
423 474 568
2 25 33
1400 
1264 
141 148 170
993  1383  887

3768  2409  1028
2344 72 762
165 338 674
151 179 179
11 11 9
3632 5504 3708
1150 1109 1074
260 173 111
3313  3943  3783

8  16  456
51 23
36 
87 35
8  190  468

2155      2155
5000   5000
23572  23572 
274 32 220 22
31001  32  23792  7177

23478  3120  5588  4984  9786
2099 1200 732 94 73
1277 581 364 183 149
26854 4901 6684 5261 10008
23969 187 1231 2050 20501
19641 1318 2585 2431 13307
61 14 23 17 7
1260 314 575 217 154
71785  6734  11098  9976  43977

1267  1265  1115  920
752 527 738 466
1009 517 651 350
407 249 355 211
638 199 481 187
4073  2757  3340  2134

2155  2618
1055 1152 7411 7720
1753 1700
184
1194 958
12513 13180
7600 6841
2617 2326
2596 2655
949 1141
7029 7032
27689 27565
2855 2406
63848  63146
7188  7507
616 579
198 1118
8002 9204
23594 21263
2454 2204
352 315
5798 5684
29 
0.01 1.652 1.652 795 832 
17 17
148041 149282
857 820 45612 42445
1446 1164
77381 81214
23619 24476
63848  63146

28118  27359  26461
16154 15875 14935
4824 5190 4934
189 202 209
60 512 183
25 69 61
1 464 129
6865 5975 6268
1163 1169 1189
256 127 111
5446 4679 4968
1651 785 1614
3795 3894 3354
37 67 337
3832 3827 3691
1
3833  3827  3691
3796  3894  3354
37 67 337
3833  3827  3691
4.64  4.49  3.63
0.05 0.07 0.36
4.69  4.42  3.99
814.9 863.3 920.0
4.58  4.41  3.56
0.04 0.07 0.36
4.62  4.34  3.92
829.5 882.6 942.6
1.40  1.27  1.15

3832  3827  3691
289 228 22
5  6
284 228 28
1 4 13
10
1 14 13
26 187 124
22 19 22
4 168 146
88 8 27
83 14 21
5 6 6
282 416 137
3550 3411 3828
1 
3551  3411  3828

3832  3827  3691
37 67 337
3795 3894 3354
681 733 759
8030 8040 7262
25 69 61
173 
32 464 65
161 232 216
182 219 238
328 166 759
112 403 434
8526 7789 7226
200 592 416
481 1781 1250
3851 3681 3258
41 30 27
672 950 495
423 474 568
2 25 33
1400 
1264 
141 148 170
993 1383 887
3768 2409 1028
2344 72 762
165 338 674
151 179 179
11 11 9
3632 5504 3708
1150 1109 1074
260 173 111
3313 3943 3783
455 1121 1412
8 16 456
51 23
36 
87 35
8 190 468
129 
463 802 944
2618 1816 2760
2155  2618  1816

17  154577  35077  89721  29796  1  29797
3691 3691  3691
109 109  109
28 28  28
1074   1074  1074
3700  3700  3700
1 1
93 1147  1054  1054
17  153410  37630  85893  29904    29904
3827 3827  3827
438 438  438
22 22  22
2918  104 2814  2814
1109   1109  1109
5500  5500  5500
101 685  584  584
17  149282  42445  82378  24476    24476
3833 3833  3833
282 282  282
1150   1150  1150
3600  3600  3600
91 433  342  342
17  148041  45612  78827  23619    23619

273  274
1619 1549 7  30 
1958 1868 3 7
3069 3102 3 10 
6919 6793
4323 4138
2596  2655

13980  7431  5990  27401
6 2 206 202
18  20 38
13956  7433  6176  27565
176  8 184
24  36 60
14108  7433  6148  27689

1  1  18
4 
13 1
1  18  19

3432  2776  656  3432  2635  797
716 423 293 710 366 344
4148  3199  949  4142  3001  1141

188  174  166  157  143

1415  3334
98 335
31 2
67  337 67  337
0.07  0.36
863.3 920.0
0.07  0.36
882.6 942.6

1363  898
160 195
402 410
85 79
179 242
826 926
268 239
160 263
2617  2326

63  59
22 22
2
85  79

2  21  5
6 8 5
19 6 7
27  35  17
179      179  232  5    237
15   15 19   19
70  70  60  60
79  79  61  61
180 180   247 247
2  2  3  3
7 7   6 6
194  147  173  514  251  123  241  615

241  1
1 
65 31
213
2 20
16
173  241
66  32
195 Level
268 
268 420 

419  215
331 201

3067  3251
263 228
3330 3479
1753 1700
1577 1779
570 641
374 379
1612 1266
123 105
1301 1251
872 521
1158 889
13 10
6023 5062
7600  6841

127  54  20
21 5 4
26  1

79  61
2 3

23572  21809
220 572
23792 22381
198 1118
23594  21263

14
12
11
10
7
7
61
9
52
11
41

4733  4296  4836
713 383 132
5446  4679  4968

844  128  494
349 152 802
337 466 348
29  21
142 25 13
8 14 22
1651  785  1614

1906  1638  1739
68 64 72
101 114 133
129 20 10
687 
29 226 3
64 130 57
1651 785 1614

299  305
158 168
457 429
188 218
36 231
1322 1407
233 275
2227  2483
2817  2874
1117 998
235 264
378 367
4547 4503
2320  2020

1327  2169  2203
61 87 124
62 69 76
75 968 140
40 8 84
5 22 10
1330  1327  2169

45  3600
77  5500
60  3700

38  16  22
9 3 6
22 9 13
203 79 124
33 11 22
45 18 27
35 14 21
221  84  137
243  15  228
6 2 4
16 6 10
282 95 187
30 11 19
13 5 8
22 8 14
526  110  416
319  30  289
5
1  1
37 11 26
33 11 22
137 49 88
130 47 83
310  28  282

21  5  5
104 18 27
5 1 3

583  299
13 12
17 12
893 889
1446  1164

3796  3894  3354
11 14 16
3785  3880  3338
814.9 863.3 920.0
14.6 19.3 22.6
829.5 882.6 942.6
5.0 1.0 
4.64  4.49  3.63
4.58  4.41  3.56

25.0 26.6 29.6
5.80  5.85  6.27 
1.8 1.9 1.3
1.7 1.7 2.1
18.16  16.94  13.48
29821  36.27
3379 83.31
5240 31.27
218 32.73
27742 42.98 4.86  702685
20576 32.62 3.60  668932

270  402  491
165 338 674
96 143 178

83.52  65.56  54.04
62.02 64.54 64.67

11109  48.68
2310 81.86
5039 43.58
360 50.15
8020 59.58  518653

384  366  291
30 17 27

39  26  33
143 193 205
182  219  238
64  76  78

3694  3311
4 3
147 153
204 484
177 192
1 8
29
24 28
3439  3694
3405  3660

2932  2766
84 333
49 51
177 192
22 26
2698  2932

4  3  3
83 91 79
90 95 85
1 1 1
17 14 16
15  14  14

4.59 4.10 4.90 4.10 4.89 4.07
5.45 5.34 5.60 5.35 5.59 3.98
5.84 6.01 5.95

80 80  133 133
15  15  14  14
142   142 157   157
6   6 8   8
190 68  258 259 70  329
112   112
21  21  23  23
1107  1107  1187  1187
19  19  20  20
138 20  158 118 2 65 185
41  41   33 33
556  1209    1765  787  1316  32  2135

464 312
469 486
67 75
1000  873

32  
6 26
5 
53 2
3 32 8
32
177  172  177  178  195  1014
58  249  93
63 39
1 169 49
1 31 2
60  512  183
76    
15 506 
6 183
60  512  183

93  6  99
174 9 183
1  1
86 9 95
180 6 186
499 13 512
3  3
151 10 161
525 9 534
43 17 60
3  3
1  1
325 12 337
239  14  253

10596  10396  9983
5615 5398 4890
12992 12526 12312
1085 961 724
28118  27359  26461
105  101  85
40 36 14
940 824 625
1085  961  724

10153  9945  9250
4569 4502 4530
12771 12350 12154
625 562 527
28118  27359  26461

193  209  231
81 77 91
197 218 200
21 27 28
492  531  550

16 16 21
14 14 9
159 172 179
189  202  209

4087  2954  3486
1878 1786 1791
1416 1159 1324
367 73 394
149 149 61
6865  5975  6268

25559  25271
14314 13869
20699 20559
3276 3447
63848  63146

157  173  210
68 58 45
122 206 236
76 37 77
423  474  568

20426  19102  18642
4485 4684 4494
1619 1711 1629
1284 1575 1475
304 287 221
28118  27359  26461

5381  314
4364 300
3728 275
3386 135
3262 82
11919 154
32040  1260

1650  133  458  359  700
788 250 8  530
2438  383  466  359  1230

390  404  464
5 8 35
126 62 
17 16 8

1262  1274  1202
35 50 44
1227  1224  1158
1135  1602  1174
142 108 87
4  
997  1494  1087

219  184  92
1382 1353 1281
1163  1169  1189

31  30  61
123 153 150
72  
30 4 22
256  127  111

653  574
1946 2173
2422 2551
712 722
957 1034
341 303
157 150
7188  7507

1535  1520
1512 1076
816 959
908 928
471 531
556 670
5798  5684

28118  27359  26461  25325  25364
6865 5975 6268 5498 5242
3832 3827 3691 2922 2882
3796  3894  3354  2666  2521
37 67 337 259 365
3833  3827  3691  2925  2886
4.64  4.49  3.63 2.77 2.40
0.05 0.07 0.36 0.28 0.34
4.69  4.42  3.99 3.05 2.74
4.58  4.41  3.56  2.73  2.37
0.04 0.07 0.36 0.27 0.34
4.62  4.34  3.92  3.00  2.71
814.9 863.3 920.0 954.4 1046.2
829.5 882.6 942.6 976.3 1064.5
2155  2618  1816  2760  3381
63848 63146 67890 67984 67698
198 1118 66 749 23
23594 21263 19952 18975 19354
23619 24476 29904 29796 29957
47411 46857 49922 49520 49334
1.40 1.27 1.15 1.04 0.94

7127  7348  6564  7079
1786 1859 1834 1386
933 971 1034 857
37   
970 971 1034 857
970 971 1035 857
1.12 1.18 1.27 1.07
1.10 1.16 1.26 1.06
1.17 1.18 1.27 1.07
1.15 1.16 1.26 1.06
1009 791 1201 850
87.89 88.31 91.01 77.30
77.93 82.80 66.46 63.41
0.3500 0.3500 0.3500 0.3500

6803  6788  6243  7525
2048 1567 971 1389
1365 843 966 720
73 7 1 2
1292 850 967 718
1292 850 967 718
1.53 0.96 1.13 0.86
1.50 0.94 1.11 0.84
1.45 0.97 1.13 0.85
1.42 0.95 1.11 0.84
1733 324 617 1007
68.93 71.08 87.36 86.71
61.52 62.76 70.57 70.64
0.3175 0.3175 0.3175 0.3175
976  288  891    2155
100 983 6340 12 7411
496 1263 6 1753
494 94 606  1194
1570 1861 9100 18 12513
1807 5891 98 7600
46025 11146 12538 69709 
281 389 1951 4 2617
93 372 2131  2596
949  949
2007 5022  7029
9880 17809  27689
406 306 2396 253 2855
48375  27768  57787  70082  63848
752  982  5553  99  7188
89 587 60 616
34 159 5  198
786 1230 6145 159 8002
19719 3866 9  23594
2454 2786 2069 4855 2454
358 6 352
1797 1731 3390 1120 5798
29  29
48141 3779 44362
23619 66296 42008 108304 23619
23619 18155 45787 63942 23619
48375  27768  57787  70082  63848

1623  290  705    2618
93 996 6638 7 7720
453 1247  1700
184 42 7 49 184
360 120 478  958
2260 1901 9075 56 13180
1744 5182 85 6841
44407 11333 12369 68109 
186 417 1723  2326
73 377 2205  2655
1141  1141
2007 5025  7032
9880 17685  27565
327 145 1934  2406
47253  27804  56339  68250  63146
744  953  5990  180  7507
57 549 27 579
1100 9 9  1118
1844 1019 6548 207 9204
17006 3995 262  21263
2204 2443 1840 4283 2204
17 322 24 315
1723 1844 3179 1062 5684
43026 6668 36358 
24476 61512 37520 99032 24476
24476 18486 44188 62674 24476
47253  27804  56339  68250  63146
7188  21805  875  28118
3488 13309 643 16154
321 1100 3626 223 4824
189  189
4 40 16  60
15 1 9  25
2 3  1
340 2561 4653 9 6865
6894 4687 1912 13493 
990 312 132 7 1163
118 20 156 2 256
5446 6956 6541 13497 5446
1651 2121 2046 4167 1651
3795 4835 4495 9330 3795
37 37 37 74 37
3832 4872 4532 9404 3832
1 1 1 2 1
3833  4873  4533  9406  3833
3550 4685 4251 8936 3550
1 1 1 2 1
3551  4686  4252  8938  3551
6820  21273  734  27359
3471 13047 643 15875
442 982 3856 90 5190
202  202
21 173 318  512
7 1 61  69
464  464
470 2193 4253 1 5975
6131 3831 1759 11721 
961 274 57 9 1169
21 15 119 2 127
4679 5765 5950 11715 4679
785 1793 1736 3529 785
3894 3972 4214 8186 3894
67 42 61 103 67
3827  3930  4153  8083  3827
3411  3612  3890  7502  3411
6380  20632  551  26461
3032 12344 441 14935
406 956 3676 104 4934
209  209
5 67 111  183
7  54  61
8  121  129
410 2325 4359 6 6268
6319 4428 1664 12411 
885 325 11 10 1189
56 1 57 1 111
4968 6429 5977 12406 4968
1614 2095 2026 4121 1614
3354 4334 3951 8285 3354
337 333 334 667 337
3691  4667  4285  8952  3691
3828 4774 4231 9005 3828

3832  4872  4532  9404  3832
37 37 37 74 37
3795 4835 4495 9330 3795
12 111 558  681
2779 5280 29 8030
15 1 9  25
3 20 9  32
6894 4687 1912 13493 
2  158 5 161
35 65 82  182
328 330 143 473 328
231 1111 4775 3664 9319
2335 2335  
2483 4638 1694 2 3851
22  19  41
43 3 626  672
47 78 298  423
2    2
4788 515 1 5302 
41 73 27  141
4719 507 917 5302 993

3755  13  3768
2100  244  2344
165    165
151    151
9 2  11
3632    3632
1150    1150
78 22 160  260
5116 184 5300 
2889 5147 577 5300 3313
653 2 200  455
6  14  8
6  14  8
647 2 186  463
1623 290 705  2618
976  288  891    2155

3827  3930  4153  8083  3827
67 42 61 103 67
3894 3972 4214 8186 3894
17 116 600  733
2747 5336 43 8040
7 1 61  69
173  173
14 6 444  464
6131 3831 1759 11721 
3 7 236  232
81 63 75  219
166 105 154 259 166
739 1016 3858 3768 9381
2871 2871  
2716 4805 1609 17 3681
5  25  30
 64 2 884  950
 22 73 379  474
13 8 4  25
590  810  1400
1264  1264
6365 4464  10829 
44 86 35 17 148
6921 4483 825 10846 1383
2118  291  2409
48  24  72
338    338
179    179
 10 1  11
 5504    5504
 1109 1109
88 45 251 35 173
 9109 1719 10828 
3938 9164 1704 10863 3943
267 124 730  1121
1  15  16
318 18 51 336 51
 372 336 36
87  87
317 18 525  190
129  129
584 142 76  802
1039 148 629  1816
 1623  290  705    2618

3691  4667  4285  8952  3691
 337 333 334 667 337
3354 4334 3951 8285 3354
24 126 609  759
2453 4846 37 7262
7  54  61
3 1 63  65
6319 4428 1664 12411 
2 2 212  216
74 58 106  238
759 589 320 909 759
 329 228 5631 3138 9326
1390 1390  
 2431 4297 1350 42 3258
4  23  27
 11 1 483  495
 66 86 416  568
8  25  33
4433 21  4454 
15 157 114 116 170
4375 91 783 4570 887
998  30  1028
 732 30  762
674    674
179    179
 9   9
 3708    3708
 1074 1074
25 38 172 74 111
 4101 353 4454 
 2906 4880 525 4528 3783
 962 492 42  1412
2  458  456
142 345 23 487 23
 487 487 
35  35
140 345 17  468
 822 147 25  944
1861 295 604  2760
1039  148  629    1816

152  63  35  180
1000 1671 1796 875
1152  1734  1831  1055
191  20  19  152
1192 1867 2059 1000
1383  1847  2078  1152
209  28  46  191
1198 2066 2072 1192
1407  2094  2118  1383




